  single point
            p1    1.0267548600000000E-02     1.000000         0.000000    
            p2    9.5754403900000000E-03     1.000000         0.000000    
            p3    8.6152154200000000E-03     1.000000         0.000000    
            p4    7.4532021300000000E-03     1.000000         0.000000    
            p5    6.2209244000000000E-03     1.000000         0.000000    
            p6    5.0281773700000000E-03     1.000000         0.000000    
            p7    3.9849655000000000E-03     1.000000         0.000000    
            p8    3.1375728400000000E-03     1.000000         0.000000    
            p9    2.4428477100000000E-03     1.000000         0.000000    
           p10    1.8602824900000000E-03     1.000000         0.000000    
           p11    1.3767924600000000E-03     1.000000         0.000000    
           p12    9.9766364000000000E-04     1.000000         0.000000    
           p13    7.1888642000000000E-04     1.000000         0.000000    
           p14    5.2052698000000000E-04     1.000000         0.000000    
           p15    3.8463924000000000E-04     1.000000         0.000000    
           p16    2.9324321000000004E-04     1.000000         0.000000    
           p17    2.3333150000000000E-04     1.000000         0.000000    
           p18    1.9148384000000000E-04     1.000000         0.000000    
           p19    1.6033247999999998E-04     1.000000         0.000000    
           p20    1.3614186999999998E-04     1.000000         0.000000    
           p21    1.1619319000000000E-04     1.000000         0.000000    
           p22    1.1106297300000000E-02     1.000000         0.000000    
           p23    1.0386185400000000E-02     1.000000         0.000000    
           p24    9.2988960500000000E-03     1.000000         0.000000    
           p25    7.9665660900000000E-03     1.000000         0.000000    
           p26    6.5275589500000000E-03     1.000000         0.000000    
           p27    5.2021249100000000E-03     1.000000         0.000000    
           p28    4.0919584500000000E-03     1.000000         0.000000    
           p29    3.2570253300000000E-03     1.000000         0.000000    
           p30    2.5836837900000000E-03     1.000000         0.000000    
           p31    2.0000837500000000E-03     1.000000         0.000000    
           p32    1.4929671800000000E-03     1.000000         0.000000    
           p33    1.0912177500000000E-03     1.000000         0.000000    
           p34    7.9192700000000000E-04     1.000000         0.000000    
           p35    5.7440184000000000E-04     1.000000         0.000000    
           p36    4.1870962000000000E-04     1.000000         0.000000    
           p37    3.1417062000000004E-04     1.000000         0.000000    
           p38    2.4682461000000000E-04     1.000000         0.000000    
           p39    1.9993132000000000E-04     1.000000         0.000000    
           p40    1.6458961000000000E-04     1.000000         0.000000    
           p41    1.3726365000000000E-04     1.000000         0.000000    
           p42    1.1532513000000000E-04     1.000000         0.000000    
           p43    1.1718563000000000E-02     1.000000         0.000000    
           p44    1.0949449700000000E-02     1.000000         0.000000    
           p45    9.6924048600000000E-03     1.000000         0.000000    
           p46    8.1190400000000000E-03     1.000000         0.000000    
           p47    6.4756585700000000E-03     1.000000         0.000000    
           p48    4.9850959700000000E-03     1.000000         0.000000    
           p49    3.9137836300000000E-03     1.000000         0.000000    
           p50    3.1837554600000000E-03     1.000000         0.000000    
           p51    2.6326059700000000E-03     1.000000         0.000000    
           p52    2.1278356600000000E-03     1.000000         0.000000    
           p53    1.6475008099999998E-03     1.000000         0.000000    
           p54    1.2565881100000002E-03     1.000000         0.000000    
           p55    9.5308564000000000E-04     1.000000         0.000000    
           p56    7.1354809000000000E-04     1.000000         0.000000    
           p57    5.2321821000000000E-04     1.000000         0.000000    
           p58    3.8324125000000000E-04     1.000000         0.000000    
           p59    2.9147313000000000E-04     1.000000         0.000000    
           p60    2.2639299000000000E-04     1.000000         0.000000    
           p61    1.7821063000000000E-04     1.000000         0.000000    
           p62    1.4254251999999998E-04     1.000000         0.000000    
           p63    1.1644765000000000E-04     1.000000         0.000000    
           p64    1.2116275600000000E-02     1.000000         0.000000    
           p65    1.1222058700000000E-02     1.000000         0.000000    
           p66    9.7296406800000000E-03     1.000000         0.000000    
           p67    7.8727871300000000E-03     1.000000         0.000000    
           p68    5.9841727700000000E-03     1.000000         0.000000    
           p69    4.3994439000000000E-03     1.000000         0.000000    
           p70    3.4643519900000000E-03     1.000000         0.000000    
           p71    2.9436357800000000E-03     1.000000         0.000000    
           p72    2.5808439500000000E-03     1.000000         0.000000    
           p73    2.2252529200000000E-03     1.000000         0.000000    
           p74    1.8266137400000000E-03     1.000000         0.000000    
           p75    1.5127072000000000E-03     1.000000         0.000000    
           p76    1.2526327600000000E-03     1.000000         0.000000    
           p77    1.0091704100000000E-03     1.000000         0.000000    
           p78    7.6610289000000000E-04     1.000000         0.000000    
           p79    5.4362255000000000E-04     1.000000         0.000000    
           p80    3.9106580000000000E-04     1.000000         0.000000    
           p81    2.8012449000000004E-04     1.000000         0.000000    
           p82    2.0423512000000000E-04     1.000000         0.000000    
           p83    1.5374498000000000E-04     1.000000         0.000000    
           p84    1.2043696000000000E-04     1.000000         0.000000    
           p85    1.2176897900000000E-02     1.000000         0.000000    
           p86    1.1091830500000000E-02     1.000000         0.000000    
           p87    9.3570594100000000E-03     1.000000         0.000000    
           p88    7.2239221100000000E-03     1.000000         0.000000    
           p89    5.1028060500000000E-03     1.000000         0.000000    
           p90    3.6357894300000000E-03     1.000000         0.000000    
           p91    2.9672727900000000E-03     1.000000         0.000000    
           p92    2.6928209500000000E-03     1.000000         0.000000    
           p93    2.5081838200000000E-03     1.000000         0.000000    
           p94    2.2590955700000000E-03     1.000000         0.000000    
           p95    2.0316321000000000E-03     1.000000         0.000000    
           p96    1.8834571100000000E-03     1.000000         0.000000    
           p97    1.7459994300000000E-03     1.000000         0.000000    
           p98    1.5554509300000000E-03     1.000000         0.000000    
           p99    1.2722676800000000E-03     1.000000         0.000000    
          p100    9.2398957000000000E-04     1.000000         0.000000    
          p101    5.8473236999999992E-04     1.000000         0.000000    
          p102    3.7221044000000000E-04     1.000000         0.000000    
          p103    2.4513075000000000E-04     1.000000         0.000000    
          p104    1.7034944000000000E-04     1.000000         0.000000    
          p105    1.2679096000000002E-04     1.000000         0.000000    
          p106    1.1888458300000000E-02     1.000000         0.000000    
          p107    1.0695388100000000E-02     1.000000         0.000000    
          p108    8.7249009700000000E-03     1.000000         0.000000    
          p109    6.3943279400000000E-03     1.000000         0.000000    
          p110    4.3717116000000000E-03     1.000000         0.000000    
          p111    3.2311387500000000E-03     1.000000         0.000000    
          p112    2.7573001000000000E-03     1.000000         0.000000    
          p113    2.6903795500000000E-03     1.000000         0.000000    
          p114    2.5960323600000000E-03     1.000000         0.000000    
          p115    2.4390408400000000E-03     1.000000         0.000000    
          p116    2.4050184700000000E-03     1.000000         0.000000    
          p117    2.4227444900000000E-03     1.000000         0.000000    
          p118    2.4362894300000000E-03     1.000000         0.000000    
          p119    2.3432511900000000E-03     1.000000         0.000000    
          p120    1.9983087400000000E-03     1.000000         0.000000    
          p121    1.4531794900000000E-03     1.000000         0.000000    
          p122    8.6570863000000000E-04     1.000000         0.000000    
          p123    4.9766198000000000E-04     1.000000         0.000000    
          p124    2.9746605000000000E-04     1.000000         0.000000    
          p125    1.9095738000000000E-04     1.000000         0.000000    
          p126    1.3405251000000000E-04     1.000000         0.000000    
          p127    1.1427337400000000E-02     1.000000         0.000000    
          p128    1.0224968700000000E-02     1.000000         0.000000    
          p129    8.2671225000000000E-03     1.000000         0.000000    
          p130    6.0640466600000000E-03     1.000000         0.000000    
          p131    4.3167384900000000E-03     1.000000         0.000000    
          p132    3.3848526300000000E-03     1.000000         0.000000    
          p133    3.1979985900000000E-03     1.000000         0.000000    
          p134    3.2273800800000000E-03     1.000000         0.000000    
          p135    3.1250730100000000E-03     1.000000         0.000000    
          p136    3.0404661300000000E-03     1.000000         0.000000    
          p137    3.0720271200000000E-03     1.000000         0.000000    
          p138    3.1630848199999996E-03     1.000000         0.000000    
          p139    3.2035285100000000E-03     1.000000         0.000000    
          p140    3.0727591000000000E-03     1.000000         0.000000    
          p141    2.6483807700000000E-03     1.000000         0.000000    
          p142    1.9007374400000000E-03     1.000000         0.000000    
          p143    1.1306730800000000E-03     1.000000         0.000000    
          p144    6.2314047000000000E-04     1.000000         0.000000    
          p145    3.5025501000000000E-04     1.000000         0.000000    
          p146    2.1102149000000000E-04     1.000000         0.000000    
          p147    1.4095668000000000E-04     1.000000         0.000000    
          p148    1.0884223500000000E-02     1.000000         0.000000    
          p149    9.8446571100000000E-03     1.000000         0.000000    
          p150    8.1253401900000000E-03     1.000000         0.000000    
          p151    6.2241637800000000E-03     1.000000         0.000000    
          p152    4.7694952700000000E-03     1.000000         0.000000    
          p153    4.0684494300000000E-03     1.000000         0.000000    
          p154    4.0850254700000000E-03     1.000000         0.000000    
          p155    4.1285471100000000E-03     1.000000         0.000000    
          p156    4.1028003600000000E-03     1.000000         0.000000    
          p157    4.0901805700000000E-03     1.000000         0.000000    
          p158    4.1466624400000000E-03     1.000000         0.000000    
          p159    4.1914037200000000E-03     1.000000         0.000000    
          p160    4.0888584600000000E-03     1.000000         0.000000    
          p161    3.7359538800000000E-03     1.000000         0.000000    
          p162    3.1233885400000000E-03     1.000000         0.000000    
          p163    2.2111348800000000E-03     1.000000         0.000000    
          p164    1.3177966000000000E-03     1.000000         0.000000    
          p165    7.1749913000000008E-04     1.000000         0.000000    
          p166    3.8969554000000000E-04     1.000000         0.000000    
          p167    2.2520871000000000E-04     1.000000         0.000000    
          p168    1.4422206000000000E-04     1.000000         0.000000    
          p169    1.0215571600000000E-02     1.000000         0.000000    
          p170    9.3880105800000000E-03     1.000000         0.000000    
          p171    8.0333771500000000E-03     1.000000         0.000000    
          p172    6.4912801000000000E-03     1.000000         0.000000    
          p173    5.2855601800000000E-03     1.000000         0.000000    
          p174    4.7128379000000000E-03     1.000000         0.000000    
          p175    4.9206546800000000E-03     1.000000         0.000000    
          p176    5.2781348700000000E-03     1.000000         0.000000    
          p177    5.5298997800000000E-03     1.000000         0.000000    
          p178    5.6747483400000000E-03     1.000000         0.000000    
          p179    5.7366016700000000E-03     1.000000         0.000000    
          p180    5.6575598400000000E-03     1.000000         0.000000    
          p181    5.2650238900000000E-03     1.000000         0.000000    
          p182    4.5316585499999992E-03     1.000000         0.000000    
          p183    3.5418570500000000E-03     1.000000         0.000000    
          p184    2.4154535400000000E-03     1.000000         0.000000    
          p185    1.4230440400000002E-03     1.000000         0.000000    
          p186    7.6690641000000000E-04     1.000000         0.000000    
          p187    4.0810164000000000E-04     1.000000         0.000000    
          p188    2.2861616000000000E-04     1.000000         0.000000    
          p189    1.4216458000000000E-04     1.000000         0.000000    
          p190    9.3146777200000000E-03     1.000000         0.000000    
          p191    8.6897146000000000E-03     1.000000         0.000000    
          p192    7.6345166600000000E-03     1.000000         0.000000    
          p193    6.4214425600000000E-03     1.000000         0.000000    
          p194    5.3108595400000000E-03     1.000000         0.000000    
          p195    5.0251214299999992E-03     1.000000         0.000000    
          p196    5.7638420300000000E-03     1.000000         0.000000    
          p197    6.7551539700000000E-03     1.000000         0.000000    
          p198    7.5280639100000000E-03     1.000000         0.000000    
          p199    7.9723869999999984E-03     1.000000         0.000000    
          p200    8.0459322600000000E-03     1.000000         0.000000    
          p201    7.6899348200000000E-03     1.000000         0.000000    
          p202    6.8187766200000000E-03     1.000000         0.000000    
          p203    5.5003930600000000E-03     1.000000         0.000000    
          p204    3.9752956600000000E-03     1.000000         0.000000    
          p205    2.5548250700000000E-03     1.000000         0.000000    
          p206    1.4686979100000000E-03     1.000000         0.000000    
          p207    7.7585284000000000E-04     1.000000         0.000000    
          p208    4.0197560000000000E-04     1.000000         0.000000    
          p209    2.2050538000000000E-04     1.000000         0.000000    
          p210    1.3444929000000000E-04     1.000000         0.000000    
          p211    8.2441076700000000E-03     1.000000         0.000000    
          p212    7.6716797000000000E-03     1.000000         0.000000    
          p213    6.7736413700000000E-03     1.000000         0.000000    
          p214    5.7489490000000000E-03     1.000000         0.000000    
          p215    5.0160009000000000E-03     1.000000         0.000000    
          p216    5.4215630300000000E-03     1.000000         0.000000    
          p217    6.8978683600000000E-03     1.000000         0.000000    
          p218    8.7024534100000000E-03     1.000000         0.000000    
          p219    1.0166099900000000E-02     1.000000         0.000000    
          p220    1.0994201600000000E-02     1.000000         0.000000    
          p221    1.1071540500000000E-02     1.000000         0.000000    
          p222    1.0358378500000000E-02     1.000000         0.000000    
          p223    8.8687845800000000E-03     1.000000         0.000000    
          p224    6.8156372000000000E-03     1.000000         0.000000    
          p225    4.5993737300000000E-03     1.000000         0.000000    
          p226    2.7362068100000000E-03     1.000000         0.000000    
          p227    1.4781178700000000E-03     1.000000         0.000000    
          p228    7.4559797000000000E-04     1.000000         0.000000    
          p229    3.7488117000000000E-04     1.000000         0.000000    
          p230    2.0077841000000000E-04     1.000000         0.000000    
          p231    1.2099911000000000E-04     1.000000         0.000000    
          p232    7.1179949900000000E-03     1.000000         0.000000    
          p233    6.6239193900000000E-03     1.000000         0.000000    
          p234    5.8980435300000000E-03     1.000000         0.000000    
          p235    5.2025387300000000E-03     1.000000         0.000000    
          p236    4.9873262700000000E-03     1.000000         0.000000    
          p237    5.9960481800000000E-03     1.000000         0.000000    
          p238    8.3331706800000000E-03     1.000000         0.000000    
          p239    1.0965293000000000E-02     1.000000         0.000000    
          p240    1.3075285800000000E-02     1.000000         0.000000    
          p241    1.4255854900000000E-02     1.000000         0.000000    
          p242    1.4353173600000000E-02     1.000000         0.000000    
          p243    1.3336883000000000E-02     1.000000         0.000000    
          p244    1.1262807700000000E-02     1.000000         0.000000    
          p245    8.4332479000000000E-03     1.000000         0.000000    
          p246    5.4144997100000000E-03     1.000000         0.000000    
          p247    2.9825771900000000E-03     1.000000         0.000000    
          p248    1.4697551500000000E-03     1.000000         0.000000    
          p249    6.8995615000000000E-04     1.000000         0.000000    
          p250    3.3049886000000000E-04     1.000000         0.000000    
          p251    1.7332523000000000E-04     1.000000         0.000000    
          p252    1.0417735000000000E-04     1.000000         0.000000    
          p253    6.0828654700000000E-03     1.000000         0.000000    
          p254    5.6966570600000000E-03     1.000000         0.000000    
          p255    5.2205173400000008E-03     1.000000         0.000000    
          p256    4.8483218200000000E-03     1.000000         0.000000    
          p257    4.9758919500000000E-03     1.000000         0.000000    
          p258    6.4298154900000000E-03     1.000000         0.000000    
          p259    9.2792747000000000E-03     1.000000         0.000000    
          p260    1.2295176100000000E-02     1.000000         0.000000    
          p261    1.4724487600000000E-02     1.000000         0.000000    
          p262    1.6234853300000002E-02     1.000000         0.000000    
          p263    1.6599656500000000E-02     1.000000         0.000000    
          p264    1.5554521600000000E-02     1.000000         0.000000    
          p265    1.3209274600000000E-02     1.000000         0.000000    
          p266    9.9319574600000000E-03     1.000000         0.000000    
          p267    6.2199182100000000E-03     1.000000         0.000000    
          p268    3.1696440100000000E-03     1.000000         0.000000    
          p269    1.4093435800000000E-03     1.000000         0.000000    
          p270    6.0747183000000000E-04     1.000000         0.000000    
          p271    2.7737703000000004E-04     1.000000         0.000000    
          p272    1.4312650000000000E-04     1.000000         0.000000    
          p273    8.6682931000000000E-05     1.000000         0.000000    
          p274    5.2227213500000000E-03     1.000000         0.000000    
          p275    4.9259626800000000E-03     1.000000         0.000000    
          p276    4.6636563200000000E-03     1.000000         0.000000    
          p277    4.5526067500000000E-03     1.000000         0.000000    
          p278    4.9005758400000000E-03     1.000000         0.000000    
          p279    6.1165985600000000E-03     1.000000         0.000000    
          p280    8.4422720000000000E-03     1.000000         0.000000    
          p281    1.1139124800000000E-02     1.000000         0.000000    
          p282    1.3481423600000000E-02     1.000000         0.000000    
          p283    1.5213162500000000E-02     1.000000         0.000000    
          p284    1.6074588000000000E-02     1.000000         0.000000    
          p285    1.5450147100000000E-02     1.000000         0.000000    
          p286    1.3373757900000000E-02     1.000000         0.000000    
          p287    1.0337628900000000E-02     1.000000         0.000000    
          p288    6.4985835500000000E-03     1.000000         0.000000    
          p289    3.0888593800000000E-03     1.000000         0.000000    
          p290    1.2361034500000000E-03     1.000000         0.000000    
          p291    4.9350439000000000E-04     1.000000         0.000000    
          p292    2.1918157000000000E-04     1.000000         0.000000    
          p293    1.1338226000000000E-04     1.000000         0.000000    
          p294    7.0182994999999992E-05     1.000000         0.000000    
          p295    4.4693360999999992E-03     1.000000         0.000000    
          p296    4.2600885000000000E-03     1.000000         0.000000    
          p297    4.1251658900000000E-03     1.000000         0.000000    
          p298    4.1313178400000000E-03     1.000000         0.000000    
          p299    4.4351067700000000E-03     1.000000         0.000000    
          p300    5.2804355200000000E-03     1.000000         0.000000    
          p301    6.7414885500000000E-03     1.000000         0.000000    
          p302    8.4521984600000000E-03     1.000000         0.000000    
          p303    1.0106767800000000E-02     1.000000         0.000000    
          p304    1.1548271800000000E-02     1.000000         0.000000    
          p305    1.2604824400000000E-02     1.000000         0.000000    
          p306    1.2518019500000000E-02     1.000000         0.000000    
          p307    1.1192564600000000E-02     1.000000         0.000000    
          p308    8.7321709200000000E-03     1.000000         0.000000    
          p309    5.4581989799999992E-03     1.000000         0.000000    
          p310    2.5229123000000000E-03     1.000000         0.000000    
          p311    9.2228111000000000E-04     1.000000         0.000000    
          p312    3.5833487000000004E-04     1.000000         0.000000    
          p313    1.6169852000000000E-04     1.000000         0.000000    
          p314    8.6677776000000000E-05     1.000000         0.000000    
          p315    5.5897010000000000E-05     1.000000         0.000000    
          p316    3.8071297500000000E-03     1.000000         0.000000    
          p317    3.6458510300000000E-03     1.000000         0.000000    
          p318    3.5526967600000000E-03     1.000000         0.000000    
          p319    3.5714976800000000E-03     1.000000         0.000000    
          p320    3.7417103700000000E-03     1.000000         0.000000    
          p321    4.1921113400000000E-03     1.000000         0.000000    
          p322    4.9312683800000000E-03     1.000000         0.000000    
          p323    5.8060049799999992E-03     1.000000         0.000000    
          p324    6.6927287900000000E-03     1.000000         0.000000    
          p325    7.4867516800000000E-03     1.000000         0.000000    
          p326    7.9845589000000016E-03     1.000000         0.000000    
          p327    7.7855741000000000E-03     1.000000         0.000000    
          p328    6.8651887400000000E-03     1.000000         0.000000    
          p329    5.2659695200000000E-03     1.000000         0.000000    
          p330    3.2944197400000000E-03     1.000000         0.000000    
          p331    1.5178119200000000E-03     1.000000         0.000000    
          p332    5.4812013000000008E-04     1.000000         0.000000    
          p333    2.3114347000000000E-04     1.000000         0.000000    
          p334    1.1358188000000000E-04     1.000000         0.000000    
          p335    6.5361078000000000E-05     1.000000         0.000000    
          p336    4.4630843000000000E-05     1.000000         0.000000    
          p337    3.2220390000000000E-03     1.000000         0.000000    
          p338    3.0727720800000004E-03     1.000000         0.000000    
          p339    2.9764353000000000E-03     1.000000         0.000000    
          p340    2.9393229400000000E-03     1.000000         0.000000    
          p341    2.9854230699999996E-03     1.000000         0.000000    
          p342    3.1529031600000000E-03     1.000000         0.000000    
          p343    3.4289916400000004E-03     1.000000         0.000000    
          p344    3.7680611700000000E-03     1.000000         0.000000    
          p345    4.0961338000000000E-03     1.000000         0.000000    
          p346    4.3191383000000000E-03     1.000000         0.000000    
          p347    4.2259316500000000E-03     1.000000         0.000000    
          p348    3.8537407700000000E-03     1.000000         0.000000    
          p349    3.1835590700000000E-03     1.000000         0.000000    
          p350    2.2943193900000000E-03     1.000000         0.000000    
          p351    1.3643310700000000E-03     1.000000         0.000000    
          p352    6.5314925000000000E-04     1.000000         0.000000    
          p353    2.9600578000000000E-04     1.000000         0.000000    
          p354    1.4387039000000000E-04     1.000000         0.000000    
          p355    7.9304619000000000E-05     1.000000         0.000000    
          p356    5.0038906000000000E-05     1.000000         0.000000    
          p357    3.6248835000000000E-05     1.000000         0.000000    
          p358    2.6997618000000000E-03     1.000000         0.000000    
          p359    2.5606824300000000E-03     1.000000         0.000000    
          p360    2.4294443400000000E-03     1.000000         0.000000    
          p361    2.3390738800000000E-03     1.000000         0.000000    
          p362    2.2852937100000000E-03     1.000000         0.000000    
          p363    2.2821105200000000E-03     1.000000         0.000000    
          p364    2.3054178900000000E-03     1.000000         0.000000    
          p365    2.3443223500000000E-03     1.000000         0.000000    
          p366    2.3410686900000000E-03     1.000000         0.000000    
          p367    2.2524739600000000E-03     1.000000         0.000000    
          p368    2.0240902500000000E-03     1.000000         0.000000    
          p369    1.6979720000000000E-03     1.000000         0.000000    
          p370    1.3044381300000000E-03     1.000000         0.000000    
          p371    8.9636697000000000E-04     1.000000         0.000000    
          p372    5.3763621000000000E-04     1.000000         0.000000    
          p373    2.9041142000000004E-04     1.000000         0.000000    
          p374    1.5747330000000000E-04     1.000000         0.000000    
          p375    9.0347347000000000E-05     1.000000         0.000000    
          p376    5.6808115000000000E-05     1.000000         0.000000    
          p377    3.9467420000000000E-05     1.000000         0.000000    
          p378    3.0331964000000000E-05     1.000000         0.000000    
          p379    2.2446763900000000E-03     1.000000         0.000000    
          p380    2.0959493200000000E-03     1.000000         0.000000    
          p381    1.9645316300000000E-03     1.000000         0.000000    
          p382    1.8382195800000000E-03     1.000000         0.000000    
          p383    1.7269948600000000E-03     1.000000         0.000000    
          p384    1.6287747100000000E-03     1.000000         0.000000    
          p385    1.5360213600000000E-03     1.000000         0.000000    
          p386    1.4405948300000000E-03     1.000000         0.000000    
          p387    1.3202429700000000E-03     1.000000         0.000000    
          p388    1.1634423800000000E-03     1.000000         0.000000    
          p389    9.6921612000000000E-04     1.000000         0.000000    
          p390    7.5681244000000000E-04     1.000000         0.000000    
          p391    5.5360351000000000E-04     1.000000         0.000000    
          p392    3.7416686000000000E-04     1.000000         0.000000    
          p393    2.3541683000000000E-04     1.000000         0.000000    
          p394    1.4395144000000000E-04     1.000000         0.000000    
          p395    9.0652762000000000E-05     1.000000         0.000000    
          p396    6.0269381000000000E-05     1.000000         0.000000    
          p397    4.2674427000000000E-05     1.000000         0.000000    
          p398    3.2316266999999996E-05     1.000000         0.000000    
          p399    2.6166433000000000E-05     1.000000         0.000000    
          p400    1.8596877900000000E-03     1.000000         0.000000    
          p401    1.7136250900000000E-03     1.000000         0.000000    
          p402    1.5734852600000000E-03     1.000000         0.000000    
          p403    1.4387731799999998E-03     1.000000         0.000000    
          p404    1.3032022400000000E-03     1.000000         0.000000    
          p405    1.1738261600000000E-03     1.000000         0.000000    
          p406    1.0470753800000000E-03     1.000000         0.000000    
          p407    9.1956010000000000E-04     1.000000         0.000000    
          p408    7.8582634000000000E-04     1.000000         0.000000    
          p409    6.4510762000000000E-04     1.000000         0.000000    
          p410    5.0687227000000000E-04     1.000000         0.000000    
          p411    3.8019310000000000E-04     1.000000         0.000000    
          p412    2.7151763000000000E-04     1.000000         0.000000    
          p413    1.8628191000000000E-04     1.000000         0.000000    
          p414    1.2469615000000002E-04     1.000000         0.000000    
          p415    8.4510432000000000E-05     1.000000         0.000000    
          p416    5.9513693000000000E-05     1.000000         0.000000    
          p417    4.3908847000000000E-05     1.000000         0.000000    
          p418    3.4001612000000004E-05     1.000000         0.000000    
          p419    2.7503331000000000E-05     1.000000         0.000000    
          p420    2.3098806000000000E-05     1.000000         0.000000    
          p421    1.5356998200000000E-03     1.000000         0.000000    
          p422    1.4005724900000000E-03     1.000000         0.000000    
          p423    1.2636372800000000E-03     1.000000         0.000000    
          p424    1.1309261200000000E-03     1.000000         0.000000    
          p425    9.9898458000000000E-04     1.000000         0.000000    
          p426    8.7069710000000000E-04     1.000000         0.000000    
          p427    7.4823559000000000E-04     1.000000         0.000000    
          p428    6.2978815999999992E-04     1.000000         0.000000    
          p429    5.1572499000000000E-04     1.000000         0.000000    
          p430    4.0759346000000000E-04     1.000000         0.000000    
          p431    3.1101348000000000E-04     1.000000         0.000000    
          p432    2.3064019000000000E-04     1.000000         0.000000    
          p433    1.6597937000000000E-04     1.000000         0.000000    
          p434    1.1745727000000000E-04     1.000000         0.000000    
          p435    8.3204238000000000E-05     1.000000         0.000000    
          p436    6.0485383000000000E-05     1.000000         0.000000    
          p437    4.5577639000000000E-05     1.000000         0.000000    
          p438    3.5657875999999996E-05     1.000000         0.000000    
          p439    2.8976573000000000E-05     1.000000         0.000000    
          p440    2.4333027000000000E-05     1.000000         0.000000    
          p441    2.1001399000000000E-05     1.000000         0.000000    
