  single point
          p001     22.82534500000000         1.000000         0.000000    
          p002     23.05274400000000         1.000000         0.000000    
          p003     23.76162000000000         1.000000         0.000000    
          p004     24.95451300000000         1.000000         0.000000    
          p005     26.63082500000000         1.000000         0.000000    
          p006     28.78716700000000         1.000000         0.000000    
          p007     31.41739900000000         1.000000         0.000000    
          p008     34.51261600000000         1.000000         0.000000    
          p009     38.06121500000000         1.000000         0.000000    
          p010     42.04875400000000         1.000000         0.000000    
          p011     46.45782500000000         1.000000         0.000000    
          p012     51.26790900000000         1.000000         0.000000    
          p013     56.45505900000000         1.000000         0.000000    
          p014     61.99159900000000         1.000000         0.000000    
          p015     67.84575200000000         1.000000         0.000000    
          p016     73.98127800000000         1.000000         0.000000    
          p017     80.35705400000002         1.000000         0.000000    
          p018     86.92674400000000         1.000000         0.000000    
          p019     93.63844900000000         1.000000         0.000000    
          p020     100.4345600000000         1.000000         0.000000    
          p021     107.2517500000000         1.000000         0.000000    
          p022     114.0212500000000         1.000000         0.000000    
          p023     120.6694000000000         1.000000         0.000000    
          p024     127.1185700000000         1.000000         0.000000    
          p025     133.2884300000000         1.000000         0.000000    
          p026     139.0980900000000         1.000000         0.000000    
          p027     144.4683100000000         1.000000         0.000000    
          p028     149.3244800000000         1.000000         0.000000    
          p029     153.5996500000000         1.000000         0.000000    
          p030     157.2378100000000         1.000000         0.000000    
          p031     160.1967200000000         1.000000         0.000000    
          p032     162.4501400000000         1.000000         0.000000    
          p033     163.9888200000000         1.000000         0.000000    
          p034     164.8205700000000         1.000000         0.000000    
          p035     164.9692300000000         1.000000         0.000000    
          p036     164.4733800000000         1.000000         0.000000    
          p037     163.3842900000000         1.000000         0.000000    
          p038     161.7630900000000         1.000000         0.000000    
          p039     159.6755900000000         1.000000         0.000000    
          p040     157.1864200000000         1.000000         0.000000    
          p041     154.3533100000000         1.000000         0.000000    
          p042     151.2235000000000         1.000000         0.000000    
          p043     147.8375000000000         1.000000         0.000000    
          p044     144.2366400000000         1.000000         0.000000    
          p045     140.4689000000000         1.000000         0.000000    
          p046     136.5915800000000         1.000000         0.000000    
          p047     132.6714400000000         1.000000         0.000000    
          p048     128.7794800000000         1.000000         0.000000    
          p049     124.9841800000000         1.000000         0.000000    
          p050     121.3438100000000         1.000000         0.000000    
          p051     117.8981400000000         1.000000         0.000000    
          p052     114.6619900000000         1.000000         0.000000    
          p053     111.6218200000000         1.000000         0.000000    
          p054     108.7399700000000         1.000000         0.000000    
          p055     105.9675100000000         1.000000         0.000000    
          p056     103.2577600000000         1.000000         0.000000    
          p057     100.5765500000000         1.000000         0.000000    
          p058     97.90587700000000         1.000000         0.000000    
          p059     95.23931200000000         1.000000         0.000000    
          p060     92.57371900000000         1.000000         0.000000    
          p061     89.90238600000002         1.000000         0.000000    
          p062     87.21277500000000         1.000000         0.000000    
          p063     84.49006600000000         1.000000         0.000000    
          p064     81.72536100000002         1.000000         0.000000    
          p065     78.92279400000000         1.000000         0.000000    
          p066     76.10007400000002         1.000000         0.000000    
          p067     73.28421200000000         1.000000         0.000000    
          p068     70.50729600000000         1.000000         0.000000    
          p069     67.80405200000000         1.000000         0.000000    
          p070     65.20944300000000         1.000000         0.000000    
          p071     62.75483800000000         1.000000         0.000000    
          p072     60.46372500000000         1.000000         0.000000    
          p073     58.34923700000000         1.000000         0.000000    
          p074     56.41398500000000         1.000000         0.000000    
          p075     54.65127300000000         1.000000         0.000000    
          p076     53.04671900000000         1.000000         0.000000    
          p077     51.57998800000000         1.000000         0.000000    
          p078     50.22722700000000         1.000000         0.000000    
          p079     48.96425600000000         1.000000         0.000000    
          p080     47.76975600000000         1.000000         0.000000    
          p081     46.62680300000000         1.000000         0.000000    
          p082     45.52289200000000         1.000000         0.000000    
          p083     44.44907000000000         1.000000         0.000000    
          p084     43.39901300000000         1.000000         0.000000    
          p085     42.36872300000001         1.000000         0.000000    
          p086     41.35639600000000         1.000000         0.000000    
          p087     40.36225900000000         1.000000         0.000000    
          p088     39.38823500000000         1.000000         0.000000    
          p089     38.43736900000000         1.000000         0.000000    
          p090     37.51326300000000         1.000000         0.000000    
          p091     36.61967600000000         1.000000         0.000000    
          p092     35.76036300000000         1.000000         0.000000    
          p093     34.93923000000000         1.000000         0.000000    
          p094     34.16063900000001         1.000000         0.000000    
          p095     33.42941300000000         1.000000         0.000000    
          p096     32.75045600000000         1.000000         0.000000    
          p097     32.12799200000000         1.000000         0.000000    
          p098     31.56460000000000         1.000000         0.000000    
          p099     31.06032600000000         1.000000         0.000000    
          p100     30.61213700000000         1.000000         0.000000    
          p101     30.21381200000000         1.000000         0.000000    
          p102     29.85630900000000         1.000000         0.000000    
          p103     29.52848200000000         1.000000         0.000000    
          p104     29.21819500000000         1.000000         0.000000    
          p105     28.91353500000000         1.000000         0.000000    
          p106     28.60390700000000         1.000000         0.000000    
          p107     28.28098000000000         1.000000         0.000000    
          p108     27.93937800000000         1.000000         0.000000    
          p109     27.57705500000000         1.000000         0.000000    
          p110     27.19534000000000         1.000000         0.000000    
          p111     26.79867900000000         1.000000         0.000000    
          p112     26.39405600000000         1.000000         0.000000    
          p113     25.99023800000000         1.000000         0.000000    
          p114     25.59701800000000         1.000000         0.000000    
          p115     25.22447700000000         1.000000         0.000000    
          p116     24.88231100000000         1.000000         0.000000    
          p117     24.57930900000000         1.000000         0.000000    
          p118     24.32297500000000         1.000000         0.000000    
          p119     24.11925000000000         1.000000         0.000000    
          p120     23.97226700000000         1.000000         0.000000    
          p121     23.88424400000000         1.000000         0.000000    
          p122     23.85534900000000         1.000000         0.000000    
          p123     23.88352700000000         1.000000         0.000000    
          p124     23.96439000000000         1.000000         0.000000    
          p125     24.09134900000000         1.000000         0.000000    
          p126     24.25635300000000         1.000000         0.000000    
          p127     24.44997200000000         1.000000         0.000000    
          p128     24.66141400000000         1.000000         0.000000    
          p129     24.87891500000000         1.000000         0.000000    
          p130     25.09032900000000         1.000000         0.000000    
          p131     25.28381500000000         1.000000         0.000000    
          p132     25.44855100000000         1.000000         0.000000    
          p133     25.57542200000000         1.000000         0.000000    
          p134     25.65761400000000         1.000000         0.000000    
          p135     25.69101400000000         1.000000         0.000000    
          p136     25.67445600000000         1.000000         0.000000    
          p137     25.60981100000000         1.000000         0.000000    
          p138     25.50193400000000         1.000000         0.000000    
          p139     25.35858900000000         1.000000         0.000000    
          p140     25.19012900000000         1.000000         0.000000    
          p141     25.00834400000000         1.000000         0.000000    
          p142     24.82450700000000         1.000000         0.000000    
          p143     24.64844300000000         1.000000         0.000000    
          p144     24.48783100000000         1.000000         0.000000    
          p145     24.34785200000000         1.000000         0.000000    
          p146     24.23118300000000         1.000000         0.000000    
          p147     24.13827200000000         1.000000         0.000000    
          p148     24.06783600000000         1.000000         0.000000    
          p149     24.01744700000000         1.000000         0.000000    
          p150     23.98410000000000         1.000000         0.000000    
          p151     23.96466900000000         1.000000         0.000000    
          p152     23.95622500000000         1.000000         0.000000    
          p153     23.95619200000000         1.000000         0.000000    
          p154     23.96241200000000         1.000000         0.000000    
          p155     23.97313500000000         1.000000         0.000000    
          p156     23.98698500000000         1.000000         0.000000    
          p157     24.00291600000000         1.000000         0.000000    
          p158     24.02016400000000         1.000000         0.000000    
          p159     24.03819800000000         1.000000         0.000000    
          p160     24.05666800000000         1.000000         0.000000    
          p161     24.07535600000000         1.000000         0.000000    
          p162     24.09413900000000         1.000000         0.000000    
          p163     24.11295200000000         1.000000         0.000000    
          p164     24.13176900000000         1.000000         0.000000    
          p165     24.15057800000000         1.000000         0.000000    
          p166     24.16937800000000         1.000000         0.000000    
          p167     24.18816800000000         1.000000         0.000000    
          p168     24.20694700000000         1.000000         0.000000    
          p169     24.22571600000000         1.000000         0.000000    
          p170     24.24447400000000         1.000000         0.000000    
          p171     24.26322200000000         1.000000         0.000000    
          p172     24.28195900000000         1.000000         0.000000    
          p173     24.30068600000000         1.000000         0.000000    
          p174     24.31940300000000         1.000000         0.000000    
          p175     24.33810900000000         1.000000         0.000000    
          p176     24.35680500000000         1.000000         0.000000    
          p177     24.37549000000000         1.000000         0.000000    
          p178     24.39416600000000         1.000000         0.000000    
          p179     24.41283000000000         1.000000         0.000000    
          p180     24.43148500000000         1.000000         0.000000    
          p181     24.45012900000000         1.000000         0.000000    
