  2.0915520e+001
  2.2913550e+001
  2.5766914e+001
  2.9361897e+001
  3.3595483e+001
  3.8374539e+001
  4.3614957e+001
  4.9240920e+001
  5.5184193e+001
  6.1383470e+001
  6.7797613e+001
  7.4356358e+001
  8.1016963e+001
  8.7741399e+001
  9.4495938e+001
  1.0125076e+002
  1.0797961e+002
  1.1465946e+002
  1.2127023e+002
  1.2778527e+002
  1.3419668e+002
  1.4049209e+002
  1.4666106e+002
  1.5218625e+002
  1.5651974e+002
  1.5978799e+002
  1.6210647e+002
  1.6358043e+002
  1.6424570e+002
  1.6426295e+002
  1.6370991e+002
  1.6265724e+002
  1.6116903e+002
  1.5930342e+002
  1.5711303e+002
  1.5464544e+002
  1.5194361e+002
  1.4903163e+002
  1.4596418e+002
  1.4277178e+002
  1.3948180e+002
  1.3611873e+002
  1.3270439e+002
  1.2925821e+002
  1.2579739e+002
  1.2233717e+002
  1.1889329e+002
  1.1547684e+002
  1.1209776e+002
  1.0876464e+002
  1.0548488e+002
  1.0226478e+002
  9.9109667e+001
  9.6023996e+001
  9.3011400e+001
  9.0081930e+001
  8.7231050e+001
  8.4460340e+001
  8.1770907e+001
  7.9163407e+001
  7.6638107e+001
  7.4194930e+001
  7.1833481e+001
  6.9553120e+001
  6.7360146e+001
  6.5246074e+001
  6.3209610e+001
  6.1249321e+001
  5.9363649e+001
  5.7550940e+001
  5.5809462e+001
  5.4137402e+001
  5.2532920e+001
  5.0999918e+001
  4.9530367e+001
  4.8122327e+001
  4.6773869e+001
  4.5483058e+001
  4.4247973e+001
  4.3066711e+001
  4.1937378e+001
  4.0858120e+001
  3.9831342e+001
  3.8850720e+001
  3.7914520e+001
  3.7021022e+001
  3.6168561e+001
  3.5355517e+001
  3.4580291e+001
  3.3841360e+001
  3.3137230e+001
  3.2469346e+001
  3.1833186e+001
  3.1227403e+001
  3.0650683e+001
  3.0101778e+001
  2.9579473e+001
  2.9082599e+001
  2.8610021e+001
  2.8160650e+001
  2.7735384e+001
  2.7331116e+001
  2.6946890e+001
  2.6581788e+001
  2.6234932e+001
  2.5905470e+001
  2.5592587e+001
  2.5295504e+001
  2.5013490e+001
  2.4747053e+001
  2.4494160e+001
  2.4254167e+001
  2.4026460e+001
  2.3810438e+001
  2.3605540e+001
  2.3411218e+001
  2.3226956e+001
  2.3052260e+001
  2.2887447e+001
  2.2731211e+001
  2.2583117e+001
  2.2442772e+001
  2.2309783e+001
  2.2183777e+001
  2.2064416e+001
  2.1951353e+001
  2.1844270e+001
  2.1743370e+001
  2.1647806e+001
  2.1557317e+001
  2.1476050e+001
  2.1403950e+001
  2.1331850e+001
  2.1259750e+001
  2.1187650e+001
  2.1115550e+001
  2.1043450e+001
  2.0971350e+001
  2.0899250e+001
  2.0827150e+001
  2.0755050e+001
  2.0682950e+001
  2.0610850e+001
  2.0538750e+001
  2.0466650e+001
  2.0394550e+001
  2.0322450e+001
  2.0250350e+001
  2.0178250e+001
  2.0106150e+001
  2.0034050e+001
  2.0002760e+001
  2.0000000e+001
  2.0000000e+001
  2.0000000e+001
  2.0000000e+001
  2.0000000e+001
  2.0000000e+001
  2.0000000e+001
  2.0000000e+001
  2.0000000e+001
  2.0000000e+001
  2.0000000e+001
  2.0000000e+001
  2.0000000e+001
  2.0000000e+001
  2.0000000e+001
  2.0000000e+001
  2.0000000e+001
  2.0000000e+001
  2.0000000e+001
  2.0000000e+001
  2.0000000e+001
  2.0000000e+001
  2.0000000e+001
  2.0000000e+001
             NaN
