  single point
          p001     22.00332600000000         1.000000         0.000000    
          p002     22.20016000000000         1.000000         0.000000    
          p003     22.82749500000000         1.000000         0.000000    
          p004     23.89775900000000         1.000000         0.000000    
          p005     25.41814200000000         1.000000         0.000000    
          p006     27.39333100000000         1.000000         0.000000    
          p007     29.82682700000000         1.000000         0.000000    
          p008     32.72117400000000         1.000000         0.000000    
          p009     36.07775700000000         1.000000         0.000000    
          p010     39.89640900000000         1.000000         0.000000    
          p011     44.17462900000001         1.000000         0.000000    
          p012     48.90664500000000         1.000000         0.000000    
          p013     54.08231800000000         1.000000         0.000000    
          p014     59.68593600000000         1.000000         0.000000    
          p015     65.69495800000000         1.000000         0.000000    
          p016     72.07874500000000         1.000000         0.000000    
          p017     78.79727500000000         1.000000         0.000000    
          p018     85.79993300000000         1.000000         0.000000    
          p019     93.02421700000000         1.000000         0.000000    
          p020     100.3950200000000         1.000000         0.000000    
          p021     107.8245100000000         1.000000         0.000000    
          p022     115.2125800000000         1.000000         0.000000    
          p023     122.4489400000000         1.000000         0.000000    
          p024     129.4165400000000         1.000000         0.000000    
          p025     135.9972800000000         1.000000         0.000000    
          p026     142.0778800000000         1.000000         0.000000    
          p027     147.5569800000000         1.000000         0.000000    
          p028     152.3505000000000         1.000000         0.000000    
          p029     156.3974700000000         1.000000         0.000000    
          p030     159.6624500000000         1.000000         0.000000    
          p031     162.1344100000000         1.000000         0.000000    
          p032     163.8213300000000         1.000000         0.000000    
          p033     164.7456000000000         1.000000         0.000000    
          p034     164.9419200000000         1.000000         0.000000    
          p035     164.4592200000000         1.000000         0.000000    
          p036     163.3646400000000         1.000000         0.000000    
          p037     161.7460900000000         1.000000         0.000000    
          p038     159.7070800000000         1.000000         0.000000    
          p039     157.3585400000000         1.000000         0.000000    
          p040     154.8067500000000         1.000000         0.000000    
          p041     152.1298800000000         1.000000         0.000000    
          p042     149.3518600000000         1.000000         0.000000    
          p043     146.4314900000000         1.000000         0.000000    
          p044     143.2864100000000         1.000000         0.000000    
          p045     139.8549400000000         1.000000         0.000000    
          p046     136.1622500000000         1.000000         0.000000    
          p047     132.3320700000000         1.000000         0.000000    
          p048     128.5175600000000         1.000000         0.000000    
          p049     124.8185000000000         1.000000         0.000000    
          p050     121.2664800000000         1.000000         0.000000    
          p051     117.8634800000000         1.000000         0.000000    
          p052     114.6163200000000         1.000000         0.000000    
          p053     111.5449800000000         1.000000         0.000000    
          p054     108.6530400000000         1.000000         0.000000    
          p055     105.9102500000000         1.000000         0.000000    
          p056     103.2563400000000         1.000000         0.000000    
          p057     100.5952000000000         1.000000         0.000000    
          p058     97.81249300000000         1.000000         0.000000    
          p059     94.80588600000000         1.000000         0.000000    
          p060     91.52086100000000         1.000000         0.000000    
          p061     87.98641100000000         1.000000         0.000000    
          p062     84.32713700000000         1.000000         0.000000    
          p063     80.74287000000000         1.000000         0.000000    
          p064     77.45463300000000         1.000000         0.000000    
          p065     74.63751200000000         1.000000         0.000000    
          p066     72.35809300000000         1.000000         0.000000    
          p067     70.55913100000000         1.000000         0.000000    
          p068     69.09477700000000         1.000000         0.000000    
          p069     67.78296900000000         1.000000         0.000000    
          p070     66.44439300000002         1.000000         0.000000    
          p071     64.92806900000000         1.000000         0.000000    
          p072     63.13389700000000         1.000000         0.000000    
          p073     61.03005900000000         1.000000         0.000000    
          p074     58.65727000000000         1.000000         0.000000    
          p075     56.11924800000000         1.000000         0.000000    
          p076     53.56621400000000         1.000000         0.000000    
          p077     51.16886600000000         1.000000         0.000000    
          p078     49.08099500000000         1.000000         0.000000    
          p079     47.40050000000000         1.000000         0.000000    
          p080     46.14522800000000         1.000000         0.000000    
          p081     45.25684100000000         1.000000         0.000000    
          p082     44.62627900000000         1.000000         0.000000    
          p083     44.12456000000000         1.000000         0.000000    
          p084     43.62955100000000         1.000000         0.000000    
          p085     43.04535400000001         1.000000         0.000000    
          p086     42.31238100000000         1.000000         0.000000    
          p087     41.40879900000000         1.000000         0.000000    
          p088     40.34538200000000         1.000000         0.000000    
          p089     39.15618100000000         1.000000         0.000000    
          p090     37.88853900000000         1.000000         0.000000    
          p091     36.59552300000000         1.000000         0.000000    
          p092     35.33087600000001         1.000000         0.000000    
          p093     34.14488800000000         1.000000         0.000000    
          p094     33.08011700000000         1.000000         0.000000    
          p095     32.16684700000000         1.000000         0.000000    
          p096     31.41994600000000         1.000000         0.000000    
          p097     30.83802400000000         1.000000         0.000000    
          p098     30.40425600000000         1.000000         0.000000    
          p099     30.08921500000000         1.000000         0.000000    
          p100     29.85417300000000         1.000000         0.000000    
          p101     29.65498100000000         1.000000         0.000000    
          p102     29.44700500000000         1.000000         0.000000    
          p103     29.19100200000000         1.000000         0.000000    
          p104     28.85839300000000         1.000000         0.000000    
          p105     28.43539300000000         1.000000         0.000000    
          p106     27.92521200000000         1.000000         0.000000    
          p107     27.34801300000000         1.000000         0.000000    
          p108     26.73811000000000         1.000000         0.000000    
          p109     26.13903100000000         1.000000         0.000000    
          p110     25.59609900000000         1.000000         0.000000    
          p111     25.14843100000000         1.000000         0.000000    
          p112     24.82291400000000         1.000000         0.000000    
          p113     24.63031900000000         1.000000         0.000000    
          p114     24.56404900000000         1.000000         0.000000    
          p115     24.60164000000000         1.000000         0.000000    
          p116     24.70994000000000         1.000000         0.000000    
          p117     24.85192100000000         1.000000         0.000000    
          p118     24.99308800000000         1.000000         0.000000    
          p119     25.10682900000000         1.000000         0.000000    
          p120     25.17754200000000         1.000000         0.000000    
          p121     25.20198400000000         1.000000         0.000000    
          p122     25.18827400000000         1.000000         0.000000    
          p123     25.15266200000000         1.000000         0.000000    
          p124     25.11448200000000         1.000000         0.000000    
          p125     25.09084300000000         1.000000         0.000000    
          p126     25.09247000000000         1.000000         0.000000    
          p127     25.12190100000000         1.000000         0.000000    
          p128     25.17334100000000         1.000000         0.000000    
          p129     25.23429100000000         1.000000         0.000000    
          p130     25.28837700000000         1.000000         0.000000    
          p131     25.31880200000000         1.000000         0.000000    
          p132     25.31189500000000         1.000000         0.000000    
          p133     25.26018500000000         1.000000         0.000000    
          p134     25.16444800000000         1.000000         0.000000    
          p135     25.03429800000000         1.000000         0.000000    
          p136     24.88712300000000         1.000000         0.000000    
          p137     24.74474000000000         1.000000         0.000000    
          p138     24.62806200000000         1.000000         0.000000    
          p139     24.55200100000000         1.000000         0.000000    
          p140     24.52371500000000         1.000000         0.000000    
          p141     24.54240500000000         1.000000         0.000000    
          p142     24.60073200000000         1.000000         0.000000    
          p143     24.68751100000000         1.000000         0.000000    
          p144     24.79096300000000         1.000000         0.000000    
          p145     24.90120600000000         1.000000         0.000000    
          p146     25.01101600000000         1.000000         0.000000    
          p147     25.11664500000000         1.000000         0.000000    
          p148     25.21759300000000         1.000000         0.000000    
          p149     25.31556500000000         1.000000         0.000000    
          p150     25.41284900000000         1.000000         0.000000    
          p151     25.51088800000000         1.000000         0.000000    
          p152     25.60943200000000         1.000000         0.000000    
          p153     25.70642600000000         1.000000         0.000000    
          p154     25.79857400000000         1.000000         0.000000    
          p155     25.88232400000000         1.000000         0.000000    
          p156     25.95488200000000         1.000000         0.000000    
          p157     26.01490900000000         1.000000         0.000000    
          p158     26.06272800000000         1.000000         0.000000    
          p159     26.10003100000000         1.000000         0.000000    
          p160     26.12928300000000         1.000000         0.000000    
          p161     26.15306300000000         1.000000         0.000000    
          p162     26.17356400000000         1.000000         0.000000    
          p163     26.19235600000000         1.000000         0.000000    
          p164     26.21038700000000         1.000000         0.000000    
          p165     26.22813600000000         1.000000         0.000000    
          p166     26.24580000000000         1.000000         0.000000    
          p167     26.26343800000000         1.000000         0.000000    
          p168     26.28106500000000         1.000000         0.000000    
          p169     26.29868200000000         1.000000         0.000000    
          p170     26.31628900000000         1.000000         0.000000    
          p171     26.33388600000000         1.000000         0.000000    
          p172     26.35147300000000         1.000000         0.000000    
          p173     26.36905100000000         1.000000         0.000000    
          p174     26.38661900000000         1.000000         0.000000    
          p175     26.40417700000000         1.000000         0.000000    
          p176     26.42172500000000         1.000000         0.000000    
          p177     26.43926400000000         1.000000         0.000000    
          p178     26.45679300000000         1.000000         0.000000    
          p179     26.47431200000000         1.000000         0.000000    
          p180     26.49182100000000         1.000000         0.000000    
          p181     26.50932100000000         1.000000         0.000000    
